255 255 255 254 254 255 254 255 255 255 255 255 255 255 255 255
255 255 254 255 242  97  55 104 111 227 255 255 255 255 255 255
255 255 254 244 130 240 252 255 255 129 254 255 255 255 255 255
255 255 250 240 146 221 209 247 255 216 242 255 255 255 255 255
255 254 249 238 123 217 255 255 255 255 235 251 255 255 255 255
255 254 246 240 134  69  51 114 254 255 235 250 255 255 255 255
255 253 247 242 249 152 248 254 254 253 240 251 254 255 255 255
255 249 253 249 250 197 149 204 254 167  83 242 247 255 255 255
254 252 250 252 253  89 250 252 104  87  65  63  85 243 254 255
251 249 163  80  74 187 224  92  88  94  97  64  74  94 179 255
243 187  81  84  70  99 102  75  85  95  94  65  59 129 190 240
235  89  77  76  72  84  73  88  72  91  58  66  62 162 220 254
255  94  67  64  78  87  84  71  78  75  96  53 126 208 253 255
235 154 118  74  70  66  55  55  71  82 103  93 179 247 254 255
255 235 205 167 141 122 109 117 137 147 170 196 247 255 255 255
255 254 255 254 249 237 227 243 253 254 255 254 255 255 255 255
255 255 255 254 254 255 254 255 255 255 255 255 255 255 255 255
255 255 254 255 242  97  55 104 111 227 255 255 255 255 255 255
255 255 254 244 130 240 252 255 255 129 254 255 255 255 255 255
255 255 250 240 146 221 209 247 255 216 242 255 255 255 255 255
255 254 249 238 123 217 255 255 255 255 235 251 255 255 255 255
255 254 246 240 134  69  51 114 254 255 235 250 255 255 255 255
255 253 247 242 249 152 248 254 254 253 240 251 254 255 255 255
255 249 253 249 250 197 149 204 254 167  83 242 247 255 255 255
254 252 250 252 253  89 250 252 104  87  65  63  85 243 254 255
251 249 163  80  74 187 224  92  88  94  97  64  74  94 179 255
243 187  81  84  70  99 102  75  85  95  94  65  59 129 190 240
235  89  77  76  72  84  73  88  72  91  58  66  62 162 220 254
255  94  67  64  78  87  84  71  78  75  96  53 126 208 253 255
235 154 118  74  70  66  55  55  71  82 103  93 179 247 254 255
255 235 205 167 141 122 109 117 137 147 170 196 247 255 255 255
255 254 255 254 249 237 227 243 253 254 255 254 255 255 255 255
255 255 255 254 254 255 254 255 255 255 255 255 255 255 255 255
255 255 254 255 242  97  55 104 111 227 255 255 255 255 255 255
255 255 254 244 130 240 252 255 255 129 254 255 255 255 255 255
255 255 250 240 146 221 209 247 255 216 242 255 255 255 255 255
255 254 249 238 123 217 255 255 255 255 235 251 255 255 255 255
255 254 246 240 134  69  51 114 254 255 235 250 255 255 255 255
255 253 247 242 249 152 248 254 254 253 240 251 254 255 255 255
255 249 253 249 250 197 149 204 254 167  83 242 247 255 255 255
254 252 250 252 253  89 250 252 104  87  65  63  85 243 254 255
251 249 163  80  74 187 224  92  88  94  97  64  74  94 179 255
243 187  81  84  70  99 102  75  85  95  94  65  59 129 190 240
235  89  77  76  72  84  73  88  72  91  58  66  62 162 220 254
255  94  67  64  78  87  84  71  78  75  96  53 126 208 253 255
235 154 118  74  70  66  55  55  71  82 103  93 179 247 254 255
255 235 205 167 141 122 109 117 137 147 170 196 247 255 255 255
255 254 255 254 249 237 227 243 253 254 255 254 255 255 255 255

255 254 254 255 255 254 255 254 255 249 241 251 255 255 255 255
255 253 254 255 254 255 254 255 248 191 190 218 247 254 255 255
255 255 255 255 255 255 254 254 200 112 131 154 195 239 254 255
255 255 255 254 254 254 251 233 112  71  73  80 114 173 236 254
255 255 254 252 248 246 245 177  73  65  63  59  63 102 190 251
254 250 241 226 234 238 218 112  79  84  78  70  76  94 166 245
254 166 161 215 245 250 243 173  94  82  86  89  78  81 144 241
250 152 235 243 253 243 249 234 135  83  84  83  81  76 127 234
243 161 251 193 241 183 240 223 209 104  83  83  75  66 106 219
243 128 247 211 232 122 214 172 231 182  88  79  77  64 102 206
251 112 223 158 167 101 145 178 176 160  93  80  82  66 111 215
253 164 148 133 160 174 210 246 191  84  74  78  82  75 127 224
253 249 224 225 239 241 243 247 235 104  77  75  73  80 153 240
253 252 251 249 246 244 245 248 249 165  80  73  76 111 190 250
254 254 253 254 252 251 249 248 249 235 163 102 105 147 223 253
254 254 255 254 254 254 254 253 252 250 239 237 235 226 248 255
255 254 254 255 255 254 255 254 255 249 241 251 255 255 255 255
255 253 254 255 254 255 254 255 248 191 190 218 247 254 255 255
255 255 255 255 255 255 254 254 200 112 131 154 195 239 254 255
255 255 255 254 254 254 251 233 112  71  73  80 114 173 236 254
255 255 254 252 248 246 245 177  73  65  63  59  63 102 190 251
254 250 241 226 234 238 218 112  79  84  78  70  76  94 166 245
254 166 161 215 245 250 243 173  94  82  86  89  78  81 144 241
250 152 235 243 253 243 249 234 135  83  84  83  81  76 127 234
243 161 251 193 241 183 240 223 209 104  83  83  75  66 106 219
243 128 247 211 232 122 214 172 231 182  88  79  77  64 102 206
251 112 223 158 167 101 145 178 176 160  93  80  82  66 111 215
253 164 148 133 160 174 210 246 191  84  74  78  82  75 127 224
253 249 224 225 239 241 243 247 235 104  77  75  73  80 153 240
253 252 251 249 246 244 245 248 249 165  80  73  76 111 190 250
254 254 253 254 252 251 249 248 249 235 163 102 105 147 223 253
254 254 255 254 254 254 254 253 252 250 239 237 235 226 248 255
255 254 254 255 255 254 255 254 255 249 241 251 255 255 255 255
255 253 254 255 254 255 254 255 248 191 190 218 247 254 255 255
255 255 255 255 255 255 254 254 200 112 131 154 195 239 254 255
255 255 255 254 254 254 251 233 112  71  73  80 114 173 236 254
255 255 254 252 248 246 245 177  73  65  63  59  63 102 190 251
254 250 241 226 234 238 218 112  79  84  78  70  76  94 166 245
254 166 161 215 245 250 243 173  94  82  86  89  78  81 144 241
250 152 235 243 253 243 249 234 135  83  84  83  81  76 127 234
243 161 251 193 241 183 240 223 209 104  83  83  75  66 106 219
243 128 247 211 232 122 214 172 231 182  88  79  77  64 102 206
251 112 223 158 167 101 145 178 176 160  93  80  82  66 111 215
253 164 148 133 160 174 210 246 191  84  74  78  82  75 127 224
253 249 224 225 239 241 243 247 235 104  77  75  73  80 153 240
253 252 251 249 246 244 245 248 249 165  80  73  76 111 190 250
254 254 253 254 252 251 249 248 249 235 163 102 105 147 223 253
254 254 255 254 254 254 254 253 252 250 239 237 235 226 248 255

255 255 255 254 251 245 240 233 218 205 215 224 240 250 253 255
255 255 254 234 189 165 143 126 105 102 111 128 154 191 224 248
255 253 238 170 101  94  80  75  66  63  66  75  81 111 148 230
254 245 192 110  62  76  77  80  74  77  82  81  73  76 106 237
250 215 151  76  59  71  89  83  82  79  79  77  75  73 104 238
239 187 129  72  62  79  85  83  82  88  93  73  76  80 168 240
248 188 109  69  65  83  82  83 105 183 156  83 104 169 236 250
255 247 197 108  73  79  95 137 211 229 173 193 236 248 249 252
254 254 254 231 174 112 176 235 221 170 180 245 246 248 248 253
254 254 253 250 245 218 244 248 239 211 142 213 242 245 249 253
254 254 254 253 245 237 250 242 180 120 101 176 241 243 251 253
254 254 255 253 247 234 246 253 240 229 163 159 238 245 251 254
254 255 255 254 251 223 217 242 191 210 154 132 226 248 253 253
254 254 254 255 253 236 159 237 251 246 222 145 226 251 253 254
254 253 254 255 254 248 162 154 158 126 111 167 248 252 253 254
254 255 254 254 255 254 254 249 243 243 250 253 252 253 253 254
255 255 255 254 251 245 240 233 218 205 215 224 240 250 253 255
255 255 254 234 189 165 143 126 105 102 111 128 154 191 224 248
255 253 238 170 101  94  80  75  66  63  66  75  81 111 148 230
254 245 192 110  62  76  77  80  74  77  82  81  73  76 106 237
250 215 151  76  59  71  89  83  82  79  79  77  75  73 104 238
239 187 129  72  62  79  85  83  82  88  93  73  76  80 168 240
248 188 109  69  65  83  82  83 105 183 156  83 104 169 236 250
255 247 197 108  73  79  95 137 211 229 173 193 236 248 249 252
254 254 254 231 174 112 176 235 221 170 180 245 246 248 248 253
254 254 253 250 245 218 244 248 239 211 142 213 242 245 249 253
254 254 254 253 245 237 250 242 180 120 101 176 241 243 251 253
254 254 255 253 247 234 246 253 240 229 163 159 238 245 251 254
254 255 255 254 251 223 217 242 191 210 154 132 226 248 253 253
254 254 254 255 253 236 159 237 251 246 222 145 226 251 253 254
254 253 254 255 254 248 162 154 158 126 111 167 248 252 253 254
254 255 254 254 255 254 254 249 243 243 250 253 252 253 253 254
255 255 255 254 251 245 240 233 218 205 215 224 240 250 253 255
255 255 254 234 189 165 143 126 105 102 111 128 154 191 224 248
255 253 238 170 101  94  80  75  66  63  66  75  81 111 148 230
254 245 192 110  62  76  77  80  74  77  82  81  73  76 106 237
250 215 151  76  59  71  89  83  82  79  79  77  75  73 104 238
239 187 129  72  62  79  85  83  82  88  93  73  76  80 168 240
248 188 109  69  65  83  82  83 105 183 156  83 104 169 236 250
255 247 197 108  73  79  95 137 211 229 173 193 236 248 249 252
254 254 254 231 174 112 176 235 221 170 180 245 246 248 248 253
254 254 253 250 245 218 244 248 239 211 142 213 242 245 249 253
254 254 254 253 245 237 250 242 180 120 101 176 241 243 251 253
254 254 255 253 247 234 246 253 240 229 163 159 238 245 251 254
254 255 255 254 251 223 217 242 191 210 154 132 226 248 253 253
254 254 254 255 253 236 159 237 251 246 222 145 226 251 253 254
254 253 254 255 254 248 162 154 158 126 111 167 248 252 253 254
254 255 254 254 255 254 254 249 243 243 250 253 252 253 253 254

255 248 226 235 237 239 250 252 253 254 254 254 254 255 254 254
253 223 147 105 102 163 235 249 248 249 251 252 254 253 254 254
250 190 111  76  73  80 165 249 248 245 244 246 249 251 252 253
240 153  80  73  75  77 104 235 247 243 241 239 225 224 249 253
224 127  75  82  78  74  84 191 246 210 174 160 133 148 164 253
215 111  66  82  80  93 160 176 178 145 101 167 158 223 112 251
206 102  64  77  79  88 182 231 172 214 122 232 211 247 128 243
219 106  66  75  83  83 104 209 223 240 183 241 193 251 161 243
234 127  76  81  83  84  83 135 234 249 243 253 243 235 152 250
241 144  81  78  89  86  82  94 173 243 250 245 215 161 166 254
245 166  94  76  70  78  84  79 112 218 238 234 226 241 250 254
251 190 102  63  59  63  65  73 177 245 246 248 252 254 255 255
254 236 173 114  80  73  71 112 233 251 254 254 254 255 255 255
255 254 239 195 154 131 112 200 254 254 255 255 255 255 255 255
255 255 254 247 218 190 191 248 255 254 255 254 255 254 253 255
255 255 255 255 251 241 249 255 254 255 254 255 255 254 254 255
255 248 226 235 237 239 250 252 253 254 254 254 254 255 254 254
253 223 147 105 102 163 235 249 248 249 251 252 254 253 254 254
250 190 111  76  73  80 165 249 248 245 244 246 249 251 252 253
240 153  80  73  75  77 104 235 247 243 241 239 225 224 249 253
224 127  75  82  78  74  84 191 246 210 174 160 133 148 164 253
215 111  66  82  80  93 160 176 178 145 101 167 158 223 112 251
206 102  64  77  79  88 182 231 172 214 122 232 211 247 128 243
219 106  66  75  83  83 104 209 223 240 183 241 193 251 161 243
234 127  76  81  83  84  83 135 234 249 243 253 243 235 152 250
241 144  81  78  89  86  82  94 173 243 250 245 215 161 166 254
245 166  94  76  70  78  84  79 112 218 238 234 226 241 250 254
251 190 102  63  59  63  65  73 177 245 246 248 252 254 255 255
254 236 173 114  80  73  71 112 233 251 254 254 254 255 255 255
255 254 239 195 154 131 112 200 254 254 255 255 255 255 255 255
255 255 254 247 218 190 191 248 255 254 255 254 255 254 253 255
255 255 255 255 251 241 249 255 254 255 254 255 255 254 254 255
255 248 226 235 237 239 250 252 253 254 254 254 254 255 254 254
253 223 147 105 102 163 235 249 248 249 251 252 254 253 254 254
250 190 111  76  73  80 165 249 248 245 244 246 249 251 252 253
240 153  80  73  75  77 104 235 247 243 241 239 225 224 249 253
224 127  75  82  78  74  84 191 246 210 174 160 133 148 164 253
215 111  66  82  80  93 160 176 178 145 101 167 158 223 112 251
206 102  64  77  79  88 182 231 172 214 122 232 211 247 128 243
219 106  66  75  83  83 104 209 223 240 183 241 193 251 161 243
234 127  76  81  83  84  83 135 234 249 243 253 243 235 152 250
241 144  81  78  89  86  82  94 173 243 250 245 215 161 166 254
245 166  94  76  70  78  84  79 112 218 238 234 226 241 250 254
251 190 102  63  59  63  65  73 177 245 246 248 252 254 255 255
254 236 173 114  80  73  71 112 233 251 254 254 254 255 255 255
255 254 239 195 154 131 112 200 254 254 255 255 255 255 255 255
255 255 254 247 218 190 191 248 255 254 255 254 255 254 253 255
255 255 255 255 251 241 249 255 254 255 254 255 255 254 254 255
